Player,image_url,2008,2009,2010,2011,2012,2013,2014,2015,2016,2017,2018,2019
RV Uthappa,https://encrypted-tbn0.gstatic.com/images?q=tbn:ANd9GcQDY-UDXm1MYJABjYa_zO2a64S_tcqAoq6AIg&usqp=CAU,320,495,869,1133,1538,1972,2632,2996,3390,3778,4129,4411
AB de Villiers,https://i.cdn.newsbytesapp.com/sports/players/profile/robin-uthappa.png,95,560,671,983,1302,1662,2057,2570,3257,3473,3953,4395
MS Dhoni,https://i.pinimg.com/originals/b0/bd/c0/b0bdc0b16ef3ca7e9305dac21db1150f.jpg,414,746,1033,1425,1783,2244,2615,2987,3271,3561,4016,4432
S Dhawan,https://images.newindianexpress.com/uploads/user/imagelibrary/2020/10/21/w900X450/Shikhar_Dawan_PTI_Picture.jpg,340,380,571,971,1540,1851,2228,2581,3082,3561,4058,4579
SK Raina,https://imagevars.gulfnews.com/2019/03/17/190317__Suresh_Raina_22_resources1_16a30b3701a_large.jpg,421,855,1375,1813,2254,2802,3325,3699,4098,4540,4985,5368
V Sehwag,https://p.imgci.com/db/PICTURES/CMS/145200/145265.jpg,406,604,960,1384,1879,2174,2629,2728,2728,2728,2728,2728
RG Sharma,"https://static.toiimg.com/thumb/msid-69301342,width-1200,height-900,resizemode-4/.jpg",404,766,1170,1542,1975,2513,2903,3385,3874,4207,4493,4898
G Gambhir,https://staticg.sportskeeda.com/editor/2020/08/db274-15974650912572-800.jpg,534,820,1097,1475,2065,2471,2806,3133,3634,4132,4217,4217
SR Watson,"https://timesofindia.indiatimes.com/thumb/msid-63864815,imgsize-84626,width-400,resizemode-4/63864815.jpg",472,472,657,987,1242,1785,2025,2372,2551,2622,3177,3575
V Kohli,https://wallpapercave.com/wp/wp4051722.jpg,165,411,718,1275,1639,2273,2632,3137,4110,4418,4948,5412
GC Smith,https://m.cricbuzz.com/a/img/v1/300x200/i1/c192847/steve-smith-will-lead-rr-from-the-start-of-the-season-for-the-first-time.jpg,441,653,697,739,739,739,739,739,739,739,739,739
AC Gilchrist,https://upload.wikimedia.org/wikipedia/commons/thumb/1/1f/Adam_Gilchrist_of_Australia_%28cropped%29.jpg/220px-Adam_Gilchrist_of_Australia_%28cropped%29.jpg,436,931,1220,1603,1775,2069,2069,2069,2069,2069,2069,2069
JH Kallis,https://im.rediff.com/cricket/2013/apr/14kallis.jpg,199,560,1132,1556,1965,2276,2427,2427,2427,2427,2427,2427
SE Marsh,http://s3.amazonaws.com/batsman/S%20E%20Marsh_a24eb350-31cf-498c-bd94-cacfcc7e4735.JPG,616,616,763,1267,1603,1903,1973,2054,2213,2477,2477,2477
SR Tendulkar,https://firstsportz.com/wp-content/uploads/2020/11/tendulkar-1-1024x576.jpg,188,552,1170,1723,2047,2334,2334,2334,2334,2334,2334,2334
ST Jayasuriya,https://m.cricbuzz.com/a/img/v1/192x192/i1/c151341/sanath-jayasuriya.jpg,514,735,768,768,768,768,768,768,768,768,768,768
ML Hayden,https://im.rediff.com/cricket/2020/apr/13hayden1.jpg,189,761,1107,1107,1107,1107,1107,1107,1107,1107,1107,1107
CH Gayle,https://www.insidesport.co/wp-content/uploads/2020/08/Chris-Gayle.jpg,0,171,463,1071,1804,2512,2708,3199,3426,3626,3994,4484
DA Warner,https://www.insidesport.co/wp-content/uploads/2020/09/warner-1.jpg,0,163,445,769,1025,1435,1963,2525,3373,4014,4014,4706
AM Rahane,,4,148,148,268,828,1316,1655,2195,2675,3057,3427,3820
KD Karthik,,145,433,711,993,1231,1741,2066,2207,2542,2903,3401,3654
AT Rayudu,,0,0,356,751,1084,1349,1710,1991,2325,2416,3018,3300
YK Pathan,,435,678,1011,1294,1488,1820,2088,2400,2761,2904,3164,3204
BB McCullum,,188,473,587,944,1233,1239,1644,2080,2434,2753,2880,2880
PA Patel,,302,444,516,718,912,1206,1411,1750,1927,2322,2475,2848
MK Pandey,,3,171,420,666,809,945,1346,1571,1819,2215,2499,2843
KA Pollard,,0,0,273,419,639,1059,1332,1751,1958,2343,2476,2755
Yuvraj Singh,,299,639,894,1237,1237,1475,1851,2099,2335,2587,2652,2750
M Vijay,,0,60,518,952,1288,1600,1807,2058,2511,2511,2523,2587
DR Smith,,45,260,282,282,439,857,1423,1822,2146,2385,2385,2385
SV Samson,,0,0,0,0,0,206,545,749,1040,1426,1867,2209
R Dravid,,371,642,898,1241,1703,2174,2174,2174,2174,2174,2174,2174
JP Duminy,,0,372,529,734,978,978,1388,1802,1993,1993,2029,2029
SPD Smith,,0,0,0,0,362,521,668,961,1231,1703,1703,2022
MEK Hussey,,168,168,205,697,958,1691,1900,1977,1977,1977,1977,1977
KL Rahul,,0,0,0,0,0,20,186,328,725,725,1384,1977
RA Jadeja,,135,430,430,713,904,1105,1251,1383,1574,1732,1821,1927
F du Plessis,,0,0,0,0,398,398,701,1081,1287,1295,1457,1853
DA Miller,,0,0,0,0,98,516,962,1319,1480,1563,1637,1850
DPMD Jayawardene,,179,398,837,1136,1471,1802,1802,1802,1802,1802,1802,1802
WP Saha,,159,231,298,366,372,442,804,1053,1323,1557,1679,1765
AJ Finch,,0,0,21,68,123,579,888,911,1304,1603,1737,1737
RR Pant,,0,0,0,0,0,0,0,0,198,564,1248,1736
MK Tiwary,,104,113,350,709,969,1115,1267,1324,1324,1648,1695,1695
KC Sangakkara,,320,652,1009,1367,1567,1687,1687,1687,1687,1687,1687,1687
SS Iyer,,0,0,0,0,0,0,0,439,469,807,1218,1681
NV Ojha,,0,168,545,705,960,969,1201,1338,1474,1553,1554,1554
SA Yadav,,0,0,0,0,0,0,164,321,503,608,1120,1544
Mandeep Singh,,0,0,4,51,483,743,767,924,924,1112,1364,1529
DJ Bravo,,178,396,457,468,839,960,968,1163,1262,1262,1403,1483
KK Nair,,0,0,0,0,0,9,339,520,877,1158,1459,1464
Q de Kock,,0,0,0,0,0,6,159,281,726,726,927,1456
S Badrinath,,192,369,725,1121,1317,1441,1441,1441,1441,1441,1441,1441
BJ Hodge,,12,377,476,761,1006,1299,1400,1400,1400,1400,1400,1400
AD Russell,,0,0,0,0,47,58,60,386,574,574,890,1400
GJ Maxwell,,0,0,0,0,6,42,594,739,918,1228,1397,1397
JC Buttler,,0,0,0,0,0,0,0,0,255,527,1075,1386
SC Ganguly,,349,538,1031,1081,1349,1349,1349,1349,1349,1349,1349,1349
DJ Hussey,,319,417,511,575,971,1206,1322,1322,1322,1322,1322,1322
KS Williamson,,0,0,0,0,0,0,0,31,155,411,1146,1302
CA Lynn,,0,0,0,0,6,6,64,64,89,384,875,1280
SS Tiwary,,26,39,458,645,836,945,945,1054,1224,1276,1276,1276
MA Agarwal,,0,0,0,141,366,433,548,761,788,814,934,1266
TM Dilshan,,104,522,566,792,1077,1153,1153,1153,1153,1153,1153,1153
IK Pathan,,131,327,603,753,929,1071,1126,1126,1137,1139,1139,1139
N Rana,,0,0,0,0,0,0,0,0,104,437,741,1085
LMP Simmons,,0,0,0,0,0,0,394,934,942,1079,1079,1079
KM Jadhav,,0,0,76,94,94,246,395,584,626,893,917,1079
HH Pandya,,0,0,0,0,0,0,0,112,156,406,666,1068
LRPL Taylor,,149,429,517,698,895,958,1017,1017,1017,1017,1017,1017
M Vohra,,0,0,0,0,0,161,485,567,728,957,1012,1012
KP Pietersen,,0,93,329,329,634,634,928,928,1001,1001,1001,1001
Y Venugopal Rao,,288,412,446,782,914,914,985,985,985,985,985,985
A Symonds,,161,410,839,974,974,974,974,974,974,974,974,974
JA Morkel,,241,338,536,674,781,827,872,958,974,974,974,974
MC Henriques,,0,38,49,49,49,214,223,510,692,969,969,969
CL White,,114,114,162,266,745,954,954,954,954,954,954,954
KH Pandya,,0,0,0,0,0,0,0,0,237,480,708,891
HH Gibbs,,167,538,805,805,886,886,886,886,886,886,886,886
STR Binny,,0,0,8,45,135,428,551,625,688,766,810,880
EJG Morgan,,0,0,35,172,172,479,479,666,789,854,854,854
Harbhajan Singh,,30,114,219,322,430,546,574,691,783,799,828,829
MS Bisla,,0,0,218,290,503,758,761,798,798,798,798,798
AR Patel,,0,0,0,0,0,0,62,268,379,606,686,796
SP Narine,,0,0,0,0,9,30,40,40,47,271,628,771
RA Tripathi,,0,0,0,0,0,0,0,0,0,391,617,758
Shakib Al Hasan,,0,0,0,29,120,120,347,383,497,498,737,746
AD Mathews,,0,16,249,249,376,548,548,692,692,724,724,724
Ishan Kishan,,0,0,0,0,0,0,0,0,42,319,594,695
TL Suman,,0,237,544,609,624,676,676,676,676,676,676,676
AM Nayar,,206,399,457,518,563,629,672,672,672,672,672,672
GJ Bailey,,0,45,63,63,63,63,320,579,663,663,663,663
BA Stokes,,0,0,0,0,0,0,0,0,0,316,512,635
JD Ryder,,0,56,56,348,604,604,604,604,604,604,604,604
PP Shaw,,0,0,0,0,0,0,0,0,0,0,245,598
PP Chawla,,90,121,183,231,337,401,432,486,513,515,542,584
HM Amla,,0,0,0,0,0,0,0,0,157,577,577,577
V Shankar,,0,0,0,0,0,0,0,0,0,101,313,557
CJ Anderson,,0,0,0,0,0,0,265,379,379,521,538,538
RS Bopara,,0,138,386,386,386,386,386,531,531,531,531,531
JP Faulkner,,0,0,0,0,14,71,252,396,473,527,527,527
DJ Hooda,,0,0,0,0,0,0,0,151,295,373,460,524
CH Morris,,0,0,0,0,0,14,14,90,285,439,485,517
M Manhas,,0,75,232,346,466,479,514,514,514,514,514,514
OA Shah,,0,0,115,141,481,506,506,506,506,506,506,506
PC Valthaty,,0,6,6,469,499,505,505,505,505,505,505,505
Shubman Gill,,0,0,0,0,0,0,0,0,0,0,203,499
MP Stoinis,,0,0,0,0,0,0,0,0,146,163,262,473
DT Christian,,0,0,0,190,335,341,341,341,341,420,446,446
JM Bairstow,,0,0,0,0,0,0,0,0,0,0,0,445
Gurkeerat Singh,,0,0,0,0,86,194,194,229,342,342,342,440
E Lewis,,0,0,0,0,0,0,0,0,0,0,382,430
SA Asnodkar,,311,409,414,423,423,423,423,423,423,423,423,423
NLTC Perera,,0,0,0,23,27,260,260,272,422,422,422,422
JR Hopes,,221,221,221,417,417,417,417,417,417,417,417,417
J Botha,,0,47,47,277,335,378,378,409,409,409,409,409
SN Khan,,0,0,0,0,0,0,0,111,177,177,228,408
LR Shukla,,163,246,282,296,371,374,405,405,405,405,405,405
AL Menaria,,0,0,0,180,400,401,401,401,401,401,401,401
MV Boucher,,225,375,388,394,394,394,394,394,394,394,394,394
CA Pujara,,0,0,122,156,173,265,390,390,390,390,390,390
Azhar Mahmood,,0,0,0,0,186,382,382,388,388,388,388,388
DB Ravi Teja,,109,174,174,357,361,375,375,375,375,375,375,375
R Ashwin,,0,8,38,40,58,93,138,190,231,231,333,375
S Sohal,,4,119,119,368,368,368,368,368,368,368,368,368
P Negi,,0,0,0,0,36,36,36,152,209,353,356,365
A Mishra,,37,63,102,170,186,275,279,287,291,340,341,362
R Bhatia,,34,42,66,91,126,225,292,292,326,342,342,342
P Kumar,,112,177,181,208,243,290,291,308,332,340,340,340
AP Tare,,0,0,50,50,50,173,299,313,321,339,339,339
SW Billings,,0,0,0,0,0,0,0,0,88,226,334,334
JEC Franklin,,0,0,0,107,327,327,327,327,327,327,327,327
RN ten Doeschate,,0,0,0,107,128,213,265,326,326,326,326,326
KV Sharma,,0,1,1,1,1,86,128,232,268,317,317,317
R Vinay Kumar,,25,72,99,149,217,287,291,291,304,304,310,310
DB Das,,103,103,103,103,229,304,304,304,304,304,304,304
C de Grandhomme,,0,0,0,0,0,0,0,0,0,126,257,303
LA Pomersbach,,152,193,193,244,244,302,302,302,302,302,302,302
UBT Chand,,0,0,0,2,38,196,198,300,300,300,300,300
MM Ali,,0,0,0,0,0,0,0,0,0,0,77,297
DJG Sammy,,0,0,0,0,0,174,282,295,295,295,295,295
SP Goswami,,82,135,143,172,241,241,241,241,241,241,293,293
Y Nagar,,0,20,21,132,285,285,285,285,285,285,285,285
GH Vihari,,0,0,0,0,0,241,241,280,280,280,280,284
VVS Laxman,,155,174,238,282,282,282,282,282,282,282,282,282
B Chipli,,20,20,20,227,264,280,280,280,280,280,280,280
A Ashish Reddy,,0,0,0,0,35,160,160,233,280,280,280,280
MJ Lumb,,0,0,278,278,278,278,278,278,278,278,278,278
R Sathish,,0,0,112,137,137,246,246,246,270,270,270,270
MJ Guptill,,0,0,0,0,0,0,0,0,57,189,189,270
M Kaif,,176,176,204,245,259,259,259,259,259,259,259,259
SM Katich,,96,241,241,241,241,241,241,241,241,241,241,241
BCJ Cutting,,0,0,0,0,0,0,8,8,73,124,220,238
MD Mishra,,0,0,166,233,237,237,237,237,237,237,237,237
MR Marsh,,0,0,28,78,78,218,218,218,225,225,225,225
K Goel,,76,200,218,218,218,218,218,218,218,218,218,218
AA Jhunjhunwala,,0,0,183,193,217,217,217,217,217,217,217,217
TM Head,,0,0,0,0,0,0,0,0,54,205,205,205
CA Ingram,,0,0,0,21,21,21,21,21,21,21,21,205
PD Collingwood,,0,0,203,203,203,203,203,203,203,203,203,203
SK Warne,,70,178,188,198,198,198,198,198,198,198,198,198
SP Fleming,,196,196,196,196,196,196,196,196,196,196,196,196
AS Raut,,0,78,134,194,194,194,194,194,194,194,194,194
Salman Butt,,193,193,193,193,193,193,193,193,193,193,193,193
BJ Rohrer,,0,0,0,0,0,193,193,193,193,193,193,193
YV Takawale,,70,88,88,88,88,88,192,192,192,192,192,192
Bipul Sharma,,0,0,9,32,104,104,104,105,156,187,187,187
FY Fazal,,0,0,164,183,183,183,183,183,183,183,183,183
B Kumar,,0,0,0,1,41,93,94,111,154,158,171,183
AC Voges,,0,0,181,181,181,181,181,181,181,181,181,181
CR Brathwaite,,0,0,0,0,0,0,0,0,83,95,170,181
AB Agarkar,,54,120,160,167,167,179,179,179,179,179,179,179
JJ Roy,,0,0,0,0,0,0,0,0,0,59,179,179
MF Maharoof,,125,146,177,177,177,177,177,177,177,177,177,177
C Munro,,0,0,0,0,0,0,0,0,30,30,93,177
DH Yagnik,,0,0,0,16,41,166,170,170,170,170,170,170
CM Gautam,,0,0,0,0,0,44,165,169,169,169,169,169
N Pooran,,0,0,0,0,0,0,0,0,0,0,0,168
MN van Wyk,,0,167,167,167,167,167,167,167,167,167,167,167
MG Johnson,,0,0,0,0,0,39,95,126,131,151,167,167
DW Steyn,,2,2,15,51,70,123,145,165,166,166,166,166
PA Reddy,,0,0,0,0,73,164,164,164,164,164,164,164
MN Samuels,,0,0,0,0,124,132,132,132,132,161,161,161
R Parag,,0,0,0,0,0,0,0,0,0,0,0,160
R McLaren,,0,0,66,156,156,159,159,159,159,159,159,159
RE van der Merwe,,0,122,123,137,137,159,159,159,159,159,159,159
R Dhawan,,0,0,0,0,0,21,103,139,153,153,153,153
AD Hales,,0,0,0,0,0,0,0,0,0,0,148,148
SM Pollock,,147,147,147,147,147,147,147,147,147,147,147,147
S Vidyut,,145,145,145,145,145,145,145,145,145,145,145,145
K Gowtham,,0,0,0,0,0,0,0,0,0,0,126,144
N Saini,,0,0,0,0,140,140,140,140,140,140,140,140
Sachin Baby,,0,0,0,0,0,3,3,3,122,137,137,137
S Anirudha,,1,1,31,114,133,133,136,136,136,136,136,136
Mohammad Nabi,,0,0,0,0,0,0,0,0,0,2,20,135
SB Styris,,112,126,126,131,131,131,131,131,131,131,131,131
W Jaffer,,115,130,130,130,130,130,130,130,130,130,130,130
Kamran Akmal,,128,128,128,128,128,128,128,128,128,128,128,128
P Dogra,,0,0,107,107,122,127,127,127,127,127,127,127
D Wiese,,0,0,0,0,0,0,0,122,127,127,127,127
UT Khawaja,,0,0,0,0,0,0,0,0,127,127,127,127
S Gopal,,0,0,0,0,0,0,11,12,14,14,64,127
M Morkel,,0,8,17,57,60,117,121,125,126,126,126,126
BB Samantray,,0,0,0,0,2,125,125,125,125,125,125,125
MC Juneja,,0,0,0,0,0,125,125,125,125,125,125,125
B Lee,,17,45,56,61,103,124,124,124,124,124,124,124
AB McDonald,,0,3,68,76,123,123,123,123,123,123,123,123
MM Sharma,,0,0,0,0,0,0,1,29,61,112,122,122
UT Yadav,,0,0,3,4,6,44,46,75,84,94,97,122
NK Patel,,103,121,121,121,121,121,121,121,121,121,121,121
DL Vettori,,0,34,67,90,121,121,121,121,121,121,121,121
AC Blizzard,,0,0,0,120,120,120,120,120,120,120,120,120
Misbah-ul-Haq,,117,117,117,117,117,117,117,117,117,117,117,117
RJ Harris,,0,21,66,97,115,117,117,117,117,117,117,117
Z Khan,,34,42,66,87,99,99,107,107,113,117,117,117
KK Cooper,,0,0,0,0,38,77,116,116,116,116,116,116
DJM Short,,0,0,0,0,0,0,0,0,0,0,115,115
TG Southee,,0,0,0,0,0,0,4,17,47,54,106,115
M Kartik,,30,51,73,85,111,113,113,113,113,113,113,113
DJ Harris,,0,0,0,0,111,111,111,111,111,111,111,111
R Tewatia,,0,0,0,0,0,0,16,16,16,35,85,111
HV Patel,,0,0,0,0,15,15,28,47,47,47,107,107
JDP Oram,,18,106,106,106,106,106,106,106,106,106,106,106
LJ Wright,,0,0,0,0,0,106,106,106,106,106,106,106
Rashid Khan,,0,0,0,0,0,0,0,0,0,11,70,104
RJ Quiney,,0,103,103,103,103,103,103,103,103,103,103,103
DS Kulkarni,,2,11,11,13,23,23,58,62,89,90,96,101
SD Chitnis,,18,24,24,33,99,99,99,99,99,99,99,99
MS Gony,,35,48,50,50,54,99,99,99,99,99,99,99
CJ Ferguson,,0,0,0,48,98,98,98,98,98,98,98,98
MJ Clarke,,0,0,0,0,98,98,98,98,98,98,98,98
MA Starc,,0,0,0,0,0,0,85,96,96,96,96,96
SM Curran,,0,0,0,0,0,0,0,0,0,0,0,95
PR Shah,,34,87,87,92,92,92,92,92,92,92,92,92
DJ Jacobs,,0,0,0,92,92,92,92,92,92,92,92,92
RT Ponting,,39,39,39,39,39,91,91,91,91,91,91,91
S Rana,,0,0,0,18,18,18,91,91,91,91,91,91
AD Nath,,0,0,0,0,0,0,0,0,20,20,29,90
SO Hetmyer,,0,0,0,0,0,0,0,0,0,0,0,90
Iqbal Abdulla,,1,1,1,16,18,26,26,46,83,88,88,88
SL Malinga,,0,0,1,9,64,73,75,81,81,88,88,88
AP Majumdar,,0,0,0,0,87,87,87,87,87,87,87,87
Ankit Sharma,,0,0,0,0,18,18,52,59,62,87,87,87
AJ Tye,,0,0,0,0,0,0,0,0,0,53,85,85
MJ McClenaghan,,0,0,0,0,0,0,0,13,47,63,74,85
RE Levi,,0,0,0,0,83,83,83,83,83,83,83,83
JC Archer,,0,0,0,0,0,0,0,0,0,0,15,82
Shahid Afridi,,81,81,81,81,81,81,81,81,81,81,81,81
LA Carseldine,,0,81,81,81,81,81,81,81,81,81,81,81
WPUJC Vaas,,21,51,81,81,81,81,81,81,81,81,81,81
AD Mascarenhas,,9,48,60,60,74,79,79,79,79,79,79,79
PJ Cummins,,0,0,0,0,0,0,0,0,0,77,77,77
B Akhil,,46,63,63,76,76,76,76,76,76,76,76,76
IR Jaggi,,0,0,0,28,43,43,43,43,43,76,76,76
TR Birt,,0,0,0,75,75,75,75,75,75,75,75,75
Washington Sundar,,0,0,0,0,0,0,0,0,0,9,74,75
RR Sarwan,,73,73,73,73,73,73,73,73,73,73,73,73
M Klinger,,0,0,0,73,73,73,73,73,73,73,73,73
SE Rutherford,,0,0,0,0,0,0,0,0,0,0,0,73
Abhishek Sharma,,0,0,0,0,0,0,0,0,0,0,63,72
DL Chahar,,0,0,0,0,0,0,0,0,0,14,64,71
LS Livingstone,,0,0,0,0,0,0,0,0,0,0,0,70
AA Bilakhia,,0,67,69,69,69,69,69,69,69,69,69,69
K Rabada,,0,0,0,0,0,0,0,0,0,55,55,69
RR Powar,,28,51,56,67,67,67,67,67,67,67,67,67
R Sharma,,0,0,29,53,55,66,66,66,66,66,66,66
H Klaasen,,0,0,0,0,0,0,0,0,0,0,57,66
RK Singh,,0,0,0,0,0,0,0,0,0,0,29,66
Mohammad Hafeez,,64,64,64,64,64,64,64,64,64,64,64,64
Anirudh Singh,,0,0,63,63,63,63,63,63,63,63,63,63
WD Parnell,,0,0,0,37,56,61,63,63,63,63,63,63
CR Woakes,,0,0,0,0,0,0,0,0,0,46,63,63
A Flintoff,,0,62,62,62,62,62,62,62,62,62,62,62
S Aravind,,0,0,0,13,27,27,27,27,27,59,59,59
WA Mota,,26,56,56,56,56,56,56,56,56,56,56,56
M Rawat,,34,50,50,50,50,55,55,55,55,55,55,55
JD Unadkat,,0,0,0,0,0,2,3,3,3,5,54,55
I Sharma,,11,27,33,37,37,37,37,37,37,45,45,55
Mohammed Shami,,0,0,0,0,0,5,8,8,10,46,53,54
J Suchith,,0,0,0,0,0,0,0,48,48,48,48,54
A Chopra,,42,53,53,53,53,53,53,53,53,53,53,53
RR Rossouw,,0,0,0,0,0,0,39,53,53,53,53,53
Shoaib Malik,,52,52,52,52,52,52,52,52,52,52,52,52
RP Singh,,27,35,44,46,52,52,52,52,52,52,52,52
NM Coulter-Nile,,0,0,0,0,0,9,9,29,38,52,52,52
KB Arun Karthik,,0,0,3,10,10,51,51,51,51,51,51,51
R Rampaul,,0,0,0,0,0,38,51,51,51,51,51,51
RV Gomez,,0,0,0,46,46,50,50,50,50,50,50,50
AS Yadav,,49,49,49,49,49,49,49,49,49,49,49,49
SB Bangar,,47,49,49,49,49,49,49,49,49,49,49,49
AG Paunikar,,0,0,0,49,49,49,49,49,49,49,49,49
VR Aaron,,0,0,0,0,1,1,36,42,42,46,46,49
Yashpal Singh,,0,47,47,47,47,47,47,47,47,47,47,47
Kuldeep Yadav,,0,0,0,0,0,0,0,0,0,20,32,44
Sunny Singh,,0,0,0,43,43,43,43,43,43,43,43,43
AB Barath,,0,0,42,42,42,42,42,42,42,42,42,42
SK Trivedi,,5,14,34,34,39,42,42,42,42,42,42,42
JDS Neesham,,0,0,0,0,0,0,42,42,42,42,42,42
A Nehra,,3,4,27,27,38,39,39,40,41,41,41,41
LPC Silva,,40,40,40,40,40,40,40,40,40,40,40,40
BR Dunk,,0,0,0,0,0,0,40,40,40,40,40,40
S Dube,,0,0,0,0,0,0,0,0,0,0,0,40
DJ Thornely,,39,39,39,39,39,39,39,39,39,39,39,39
Umar Gul,,39,39,39,39,39,39,39,39,39,39,39,39
MM Patel,,0,33,37,37,39,39,39,39,39,39,39,39
AUK Pathan,,0,0,0,33,39,39,39,39,39,39,39,39
JO Holder,,0,0,0,0,0,0,16,16,38,38,38,38
SP Jackson,,0,0,0,0,0,0,0,0,0,38,38,38
S Narwal,,0,0,14,14,14,37,37,37,37,37,37,37
Sohail Tanvir,,36,36,36,36,36,36,36,36,36,36,36,36
Joginder Sharma,,16,36,36,36,36,36,36,36,36,36,36,36
L Balaji,,0,4,22,26,26,35,36,36,36,36,36,36
AN Ahmed,,0,0,4,22,22,22,26,36,36,36,36,36
KW Richardson,,0,0,0,0,0,34,35,35,36,36,36,36
Anureet Singh,,0,0,0,0,0,0,0,18,18,33,36,36
SN Thakur,,0,0,0,0,0,0,0,7,7,7,22,36
A Kumble,,13,29,35,35,35,35,35,35,35,35,35,35
B Sumanth,,0,0,35,35,35,35,35,35,35,35,35,35
JJ Bumrah,,0,0,0,0,0,0,1,1,9,25,35,35
L Ronchi,,34,34,34,34,34,34,34,34,34,34,34,34
AP Dole,,0,0,34,34,34,34,34,34,34,34,34,34
S Sreesanth,,0,5,32,33,33,34,34,34,34,34,34,34
A Mithun,,0,0,5,32,32,34,34,34,34,34,34,34
D Salunkhe,,33,33,33,33,33,33,33,33,33,33,33,33
RJ Peterson,,0,0,0,0,32,32,32,32,32,32,32,32
S Nadeem,,0,0,0,0,0,14,21,23,24,26,32,32
Basil Thampi,,0,0,0,0,0,0,0,0,0,28,31,32
Sandeep Sharma,,0,0,0,0,0,0,2,11,19,26,26,32
MJ Santner,,0,0,0,0,0,0,0,0,0,0,0,32
T Taibu,,31,31,31,31,31,31,31,31,31,31,31,31
S Sriram,,0,0,27,31,31,31,31,31,31,31,31,31
NS Naik,,0,0,0,0,0,0,0,0,23,23,23,30
J Syed Mohammad,,0,0,0,15,19,29,29,29,29,29,29,29
VH Zol,,0,0,0,0,0,0,29,29,29,29,29,29
Mohammed Siraj,,0,0,0,0,0,0,0,0,0,0,25,29
SB Jakati,,0,20,20,20,27,27,27,27,28,28,28,28
MK Lomror,,0,0,0,0,0,0,0,0,0,0,20,28
M Markande,,0,0,0,0,0,0,0,0,0,0,21,27
JM Kemp,,0,0,26,26,26,26,26,26,26,26,26,26
NL McCullum,,0,0,0,26,26,26,26,26,26,26,26,26
AB Dinda,,2,4,4,4,6,15,19,19,19,26,26,26
S Chanderpaul,,25,25,25,25,25,25,25,25,25,25,25,25
A Choudhary,,0,0,0,0,0,0,0,0,0,25,25,25
MA Khote,,24,24,24,24,24,24,24,24,24,24,24,24
ER Dwivedi,,0,0,0,0,0,0,0,0,24,24,24,24
PJ Sangwan,,2,8,18,18,18,22,22,22,22,24,24,24
KC Cariappa,,0,0,0,0,0,0,0,0,13,15,15,24
J Arunkumar,,23,23,23,23,23,23,23,23,23,23,23,23
SW Tait,,0,0,12,22,22,23,23,23,23,23,23,23
BMAJ Mendis,,0,0,0,0,0,23,23,23,23,23,23,23
TK Curran,,0,0,0,0,0,0,0,0,0,0,23,23
MS Wade,,0,0,0,22,22,22,22,22,22,22,22,22
GB Hogg,,0,0,0,0,15,15,15,22,22,22,22,22
DE Bollinger,,0,0,18,18,21,21,21,21,21,21,21,21
YS Chahal,,0,0,0,0,0,0,1,2,2,15,15,21
RR Raje,,8,20,20,20,20,20,20,20,20,20,20,20
M Muralitharan,,0,8,9,14,20,20,20,20,20,20,20,20
Harpreet Singh,,0,0,0,14,20,20,20,20,20,20,20,20
AC Thomas,,0,0,0,1,20,20,20,20,20,20,20,20
NJ Maddinson,,0,0,0,0,0,0,16,20,20,20,20,20
Imran Tahir,,0,0,0,0,0,0,8,13,18,18,20,20
Harpreet Brar,,0,0,0,0,0,0,0,0,0,0,0,20
R Bishnoi,,0,19,19,19,19,19,19,19,19,19,19,19
DR Martyn,,0,0,19,19,19,19,19,19,19,19,19,19
Y Gnaneswara Rao,,0,0,0,19,19,19,19,19,19,19,19,19
A Mukund,,0,0,0,0,0,19,19,19,19,19,19,19
R Shukla,,0,0,0,0,0,1,19,19,19,19,19,19
P Sahu,,0,0,0,0,0,0,0,0,19,19,19,19
Vishnu Vinod,,0,0,0,0,0,0,0,0,0,19,19,19
P Ray Barman,,0,0,0,0,0,0,0,0,0,0,0,19
DS Lehmann,,18,18,18,18,18,18,18,18,18,18,18,18
JJ van der Wath,,0,0,0,18,18,18,18,18,18,18,18,18
BJ Haddin,,0,0,0,18,18,18,18,18,18,18,18,18
Harmeet Singh,,0,0,0,0,15,18,18,18,18,18,18,18
PV Tambe,,0,0,0,0,0,3,8,11,18,18,18,18
KMA Paul,,0,0,0,0,0,0,0,0,0,0,0,18
Parvez Rasool,,0,0,0,0,0,5,5,7,17,17,17,17
AS Rajpoot,,0,0,0,0,0,2,2,2,2,6,17,17
CK Kapugedera,,16,16,16,16,16,16,16,16,16,16,16,16
PP Ojha,,2,3,6,6,10,12,16,16,16,16,16,16
P Simran Singh,,0,0,0,0,0,0,0,0,0,0,0,16
VY Mahesh,,15,15,15,15,15,15,15,15,15,15,15,15
GR Napier,,0,15,15,15,15,15,15,15,15,15,15,15
C Madan,,0,0,15,15,15,15,15,15,15,15,15,15
SA Abbott,,0,0,0,0,0,0,0,15,15,15,15,15
RD Chahar,,0,0,0,0,0,0,0,0,0,3,3,15
SD Lad,,0,0,0,0,0,0,0,0,0,0,0,15
AS Joseph,,0,0,0,0,0,0,0,0,0,0,0,15
MDKJ Perera,,0,0,0,0,0,14,14,14,14,14,14,14
F Behardien,,0,0,0,0,0,0,0,0,14,14,14,14
DT Patil,,13,13,13,13,13,13,13,13,13,13,13,13
KJ Abbott,,0,0,0,0,0,0,0,0,13,13,13,13
S Badree,,0,0,0,0,0,0,0,0,0,13,13,13
Shivam Mavi,,0,0,0,0,0,0,0,0,0,0,13,13
DR Shorey,,0,0,0,0,0,0,0,0,0,0,8,13
T Thushara,,0,2,12,12,12,12,12,12,12,12,12,12
AA Chavan,,0,0,0,1,12,12,12,12,12,12,12,12
DAJ Bracewell,,0,0,0,0,12,12,12,12,12,12,12,12
K Upadhyay,,0,0,0,0,11,12,12,12,12,12,12,12
Karanveer Singh,,0,0,0,0,0,0,1,12,12,12,12,12
Swapnil Singh,,0,0,0,0,0,0,0,0,0,12,12,12
AR Bawne,,0,0,0,0,0,0,0,0,0,12,12,12
S Kaul,,0,0,0,0,0,7,9,9,9,9,12,12
TA Boult,,0,0,0,0,0,0,0,0,0,5,5,12
DNT Zoysa,,11,11,11,11,11,11,11,11,11,11,11,11
M Ntini,,11,11,11,11,11,11,11,11,11,11,11,11
T Kohli,,10,11,11,11,11,11,11,11,11,11,11,11
T Henderson,,0,11,11,11,11,11,11,11,11,11,11,11
D du Preez,,0,10,10,10,10,10,10,10,10,10,10,10
KAJ Roach,,0,0,10,10,10,10,10,10,10,10,10,10
TD Paine,,0,0,0,10,10,10,10,10,10,10,10,10
AG Murtaza,,0,0,0,2,5,10,10,10,10,10,10,10
SMSM Senanayake,,0,0,0,0,0,10,10,10,10,10,10,10
X Thalaivan Sargunam,,0,0,0,0,0,10,10,10,10,10,10,10
J Theron,,0,0,2,2,9,9,9,10,10,10,10,10
Mujeeb Ur Rahman,,0,0,0,0,0,0,0,0,0,0,10,10
BB Sran,,0,0,0,0,0,0,0,0,4,4,7,10
AA Noffke,,9,9,9,9,9,9,9,9,9,9,9,9
SM Harwood,,0,9,9,9,9,9,9,9,9,9,9,9
TM Srivastava,,8,8,8,8,8,8,8,8,8,8,8,8
Jaskaran Singh,,0,0,8,8,8,8,8,8,8,8,8,8
CK Langeveldt,,0,0,0,8,8,8,8,8,8,8,8,8
CJ McKay,,0,0,0,0,8,8,8,8,8,8,8,8
TS Mills,,0,0,0,0,0,0,0,0,0,8,8,8
JPR Scantlebury-Searles,,0,0,0,0,0,0,0,0,0,0,8,8
P Chopra,,0,0,0,0,0,0,0,0,0,0,8,8
AN Ghosh,,0,7,7,7,7,7,7,7,7,7,7,7
Pankaj Singh,,5,6,7,7,7,7,7,7,7,7,7,7
I Malhotra,,0,0,0,7,7,7,7,7,7,7,7,7
UA Birla,,0,0,0,0,0,7,7,7,7,7,7,7
VS Malik,,0,0,6,6,6,6,7,7,7,7,7,7
AF Milne,,0,0,0,0,0,0,0,0,0,7,7,7
Ankit Soni,,0,0,0,0,0,0,0,0,0,7,7,7
IS Sodhi,,0,0,0,0,0,0,0,0,0,0,1,7
RK Bhui,,0,0,0,0,0,0,0,0,0,0,0,7
SB Joshi,,6,6,6,6,6,6,6,6,6,6,6,6
SS Shaikh,,0,6,6,6,6,6,6,6,6,6,6,6
BA Bhatt,,0,0,0,0,6,6,6,6,6,6,6,6
PSP Handscomb,,0,0,0,0,0,0,0,0,6,6,6,6
J Yadav,,0,0,0,0,0,0,0,0,6,6,6,6
DM Bravo,,0,0,0,0,0,0,0,0,0,6,6,6
SJ Srivastava,,0,0,1,5,5,5,5,5,5,5,5,5
KMDN Kulasekara,,0,0,0,0,5,5,5,5,5,5,5,5
P Awana,,0,0,0,0,4,5,5,5,5,5,5,5
Shivam Sharma,,0,0,0,0,0,0,5,5,5,5,5,5
A Zampa,,0,0,0,0,0,0,0,0,0,5,5,5
B Laughlin,,0,0,0,0,0,4,4,4,4,4,5,5
B Stanlake,,0,0,0,0,0,0,0,0,0,0,5,5
Rasikh Salam,,0,0,0,0,0,0,0,0,0,0,0,5
VRV Singh,,4,4,4,4,4,4,4,4,4,4,4,4
GD McGrath,,4,4,4,4,4,4,4,4,4,4,4,4
FH Edwards,,0,4,4,4,4,4,4,4,4,4,4,4
CRD Fernando,,2,2,4,4,4,4,4,4,4,4,4,4
RS Sodhi,,0,0,4,4,4,4,4,4,4,4,4,4
DP Nannes,,0,0,4,4,4,4,4,4,4,4,4,4
A Uniyal,,0,0,4,4,4,4,4,4,4,4,4,4
A Chandila,,0,0,0,0,0,4,4,4,4,4,4,4
A Dananjaya,,0,0,0,0,0,0,0,0,0,0,4,4
M Ashwin,,0,0,0,0,0,0,0,0,0,0,1,4
Avesh Khan,,0,0,0,0,0,0,0,0,0,0,0,4
D Kalyankrishna,,3,3,3,3,3,3,3,3,3,3,3,3
Mohammad Asif,,3,3,3,3,3,3,3,3,3,3,3,3
Younis Khan,,3,3,3,3,3,3,3,3,3,3,3,3
Kamran Khan,,0,3,3,3,3,3,3,3,3,3,3,3
S Tyagi,,0,0,3,3,3,3,3,3,3,3,3,3
R Ninan,,0,0,0,3,3,3,3,3,3,3,3,3
JE Taylor,,0,0,0,3,3,3,3,3,3,3,3,3
BAW Mendis,,0,0,1,1,1,3,3,3,3,3,3,3
CJ Jordan,,0,0,0,0,0,0,0,0,3,3,3,3
GC Viljoen,,0,0,0,0,0,0,0,0,0,0,0,3
AJ Turner,,0,0,0,0,0,0,0,0,0,0,0,3
H Das,,2,2,2,2,2,2,2,2,2,2,2,2
VS Yeligati,,2,2,2,2,2,2,2,2,2,2,2,2
Shoaib Akhtar,,2,2,2,2,2,2,2,2,2,2,2,2
Mashrafe Mortaza,,0,2,2,2,2,2,2,2,2,2,2,2
Mohammad Ashraful,,0,2,2,2,2,2,2,2,2,2,2,2
KP Appanna,,0,0,2,2,2,2,2,2,2,2,2,2
RS Gavaskar,,0,0,2,2,2,2,2,2,2,2,2,2
A Singh,,0,1,1,2,2,2,2,2,2,2,2,2
S Randiv,,0,0,0,2,2,2,2,2,2,2,2,2
SB Wagh,,0,0,0,2,2,2,2,2,2,2,2,2
RG More,,0,0,0,0,0,0,0,2,2,2,2,2
NA Saini,,0,0,0,0,0,0,0,0,0,0,0,2
PM Sarvesh Kumar,,1,1,1,1,1,1,1,1,1,1,1,1
DP Vijaykumar,,1,1,1,1,1,1,1,1,1,1,1,1
Shoaib Ahmed,,0,1,1,1,1,1,1,1,1,1,1,1
SE Bond,,0,0,1,1,1,1,1,1,1,1,1,1
P Parameswaran,,0,0,0,1,1,1,1,1,1,1,1,1
NJ Rimmington,,0,0,0,1,1,1,1,1,1,1,1,1
M de Lange,,0,0,0,0,0,0,1,1,1,1,1,1
BE Hendricks,,0,0,0,0,0,0,0,1,1,1,1,1
DJ Muthuswami,,0,0,0,0,0,0,0,1,1,1,1,1
LH Ferguson,,0,0,0,0,0,0,0,0,0,1,1,1
M Prasidh Krishna,,0,0,0,0,0,0,0,0,0,0,1,1
LE Plunkett,,0,0,0,0,0,0,0,0,0,0,1,1
MA Wood,,0,0,0,0,0,0,0,0,0,0,1,1
Mustafizur Rahman,,0,0,0,0,0,0,0,0,0,0,1,1
HF Gurney,,0,0,0,0,0,0,0,0,0,0,0,1
Abdur Razzak,,0,0,0,0,0,0,0,0,0,0,0,0
U Kaul,,0,0,0,0,0,0,0,0,0,0,0,0
A Nel,,0,0,0,0,0,0,0,0,0,0,0,0
C Nanda,,0,0,0,0,0,0,0,0,0,0,0,0
S Ladda,,0,0,0,0,0,0,0,0,0,0,0,0
YA Abdulla,,0,0,0,0,0,0,0,0,0,0,0,0
C Ganapathy,,0,0,0,0,0,0,0,0,0,0,0,0
L Ablish,,0,0,0,0,0,0,0,0,0,0,0,0
ND Doshi,,0,0,0,0,0,0,0,0,0,0,0,0
TP Sudhindra,,0,0,0,0,0,0,0,0,0,0,0,0
Sunny Gupta,,0,0,0,0,0,0,0,0,0,0,0,0
V Pratap Singh,,0,0,0,0,0,0,0,0,0,0,0,0
RR Bhatkal,,0,0,0,0,0,0,0,0,0,0,0,0
IC Pandey,,0,0,0,0,0,0,0,0,0,0,0,0
BW Hilfenhaus,,0,0,0,0,0,0,0,0,0,0,0,0
S Kaushik,,0,0,0,0,0,0,0,0,0,0,0,0
Y Prithvi Raj,,0,0,0,0,0,0,0,0,0,0,0,0
JL Denly,,0,0,0,0,0,0,0,0,0,0,0,0
KK Ahmed,,0,0,0,0,0,0,0,0,0,0,0,0
S Lamichhane,,0,0,0,0,0,0,0,0,0,0,0,0
